-2574
29355
-406
44061
57370
32577
82584
66989
12614
43317
2614
-6468
66523
21084
8212
23601
84191
88829
82212
58770
-4439
-9416
-4486
63698
59146
20140
15649
57459
85518
-2178
14944
87821
37178
19415
36760
-574
61992
29346
71292
84606
77540
83906
83015
54064
9868
-3894
82543
4060
89812
74756
67708
-4626
70218
73222
69073
39365
-1760
89599
6825
88635
-2578
31769
86458
44600
56062
28096
48903
28055
62319
30196
17540
44738
18980
10556
8803
38849
11539
-3776
47786
11353
75858
20372
16727
56077
3595
-9322
320
11836
-9722
17145
10472
-2299
53791
1808
47178
19854
34782
6083
52787
7102
41156
75204
61840
70137
-9362
75521
13864
12178
76622
66527
33531
57358
-3099
55135
18313
5373
55814
28633
22086
56092
50655
37436
58670
14448
49244
15850
39179
88903
26810
-3156
884
72843
82048
67601
47858
82687
48000
71722
-257
34624
43128
43274
-3140
50029
3287
25174
65402
69101
63807
-2510
30072
24464
39803
-6380
43789
-6075
14347
87845
-7170
51157
-5309
3714
28879
81616
81315
86737
74304
34194
68461
78924
78818
16467
27076
85678
76496
40364
15730
46776
19466
89538
49143
54415
18880
-1053
58036
67546
2873
82383
65392
5703
38419
70083
14294
77298
56578
487
74036
40883
44681
47375
29809
28377
73842
66885
18934
55216
12127
44664
11994
36471
39080
66014
887
62837
74962
63800
40384
82712
51062
15778
-6707
-518
-9261
17587
81657
57317
22951
60571
3079
72510
17948
37765
5765
-3332
9528
29576
56762
31656
84241
73633
78127
28199
49648
83891
1038
29488
57693
46299
22201
18756
72077
25494
23115
67694
47958
14773
35012
75787
85344
42968
58298
8170
-9266
68940
9716
5140
8518
76478
46796
-2363
54989
29801
35836
14638
23693
41751
54127
86263
-1948
81205
15020
75006
16701
43012
52701
69536
67785
-2285
55324
58008
45560
18500
71055
46295
-2558
-9228
61435
10837
72127
13109
18474
37117
52910
64310
56633
81480
10940
15638
77745
18992
6844
-2357
3999
28422
45533
66701
7960
18196
69293
68161
86204
24854
-8460
62138
76026
-6141
57787
42339
14696
39916
65448
43170
81910
23236
12358
43421
9595
33298
69059
-7782
57167
80781
-5262
71167
19204
50271
42746
32041
78468
22040
10204
69550
51771
11744
41689
32676
15603
9478
85015
35176
54271
55342
88346
41059
83455
5582
-5518
3051
48881
68418
5269
10926
59200
4885
-7906
88405
65156
39717
30447
53625
66634
45528
33177
28407
62149
79743
71083
82629
-5901
60976
27806
58370
26319
21030
4308
14653
36613
8790
27704
-9628
82085
37851
11298
51287
52736
8270
44570
27893
57987
79894
86396
34623
35424
24451
67907
7574
9072
43868
205
13172
14845
32888
81542
46042
63919
-4149
70695
10533
9518
3277
5782
1605
51128
27080
57769
8742
40227
12340
41513
8216
2235
37910
47716
42536
67238
25624
54988
86310
79492
60070
9483
-785
2959
-4096
55257
76878
-3368
35953
-7711
16151
49231
8071
22633
5237
40029
85279
23980
-9743
7620
75493
3350
14732
18281
61066
67269
-4480
-8432
27135
86707
81060
-2794
6192
-9723
10165
6973
50411
-8078
13605
-3634
-5789
34633
50474
7160
67266
65711
52066
62546
-5431
47200
75043
80062
60551
-223
3221
26495
71923
8741
28064
9059
5450
14002
16265
16519
14279
31307
33492
74691
33229
57097
75934
32318
1732
36409
44355
73875
6998
6422
41300
11568
63622
21221
-3492
29051
25875
9730
65547
7799
23348
-1511
21735
33675
22491
42877
55071
41648
79062
-1436
21217
22292
60539
2029
59487
67148
43315
13843
45901
60313
25142
-7921
76758
-6357
23301
78144
32694
59176
-2125
3119
71853
26100
11608
-1534
64653
38977
51344
29725
85502
40407
38290
16720
67576
3707
28749
37065
80855
82064
55785
31634
47255
85805
33714
34015
89448
67015
22160
27020
31069
24912
40140
12923
55889
56625
21390
30543
480
77611
70269
-4017
22896
13437
17580
473
27144
51206
42415
12877
38148
3079
49388
-4595
-1115
-6897
34297
-6789
64995
61334
30231
943
-8876
75248
23866
57013
41875
50133
-2442
47232
32622
72704
53216
65518
-3858
75673
70869
28163
36881
23285
45917
85029
31241
5306
85311
40126
3287
29609
43337
73159
-4179
78446
84102
-3055
63695
12847
58836
15571
67857
61271
67681
10481
43976
30898
80876
44995
11449
61746
78035
58330
89909
28830
53361
31151
39013
43550
76155
52300
83160
24370
35461
83858
12817
24441
-9195
86513
47288
59641
6962
25147
25790
84643
45628
79766
20419
36505
29639
41869
3130
17675
5077
3040
51382
63315
39068
396
16867
25224
57574
10028
59595
-2087
3887
77289
32354
-431
68680
89643
64087
85643
24791
-122
75164
75296
84521
462
16679
24161
47208
29809
46713
62285
37726
8096
35602
86795
18493
62469
16897
86067
77374
81369
-6019
86138
68660
31212
-4291
47341
30856
64673
37862
60524
74552
17905
40698
63951
28367
67378
-1886
85575
2065
54827
57861
44669
67801
-1659
36342
-8828
70810
63239
87239
58185
54610
86097
49202
28148
27310
54911
80366
63044
24462
28230
33569
3892
56135
84268
77844
89379
56524
85958
79832
63466
45663
47694
18136
18342
56036
64478
19514
31724
32596
16754
-5212
-2793
7729
53990
35355
45040
13779
25722
18085
48241
58829
56531
62134
19842
45677
49979
14099
7079
40815
3932
80546
-8644
61627
3560
19699
22541
72916
49213
64265
15513
70845
63930
17597
88574
27921
57829
38492
51700
88428
61454
9943
52136
27987
76954
81978
83664
36934
6079
745
82626
14888
86168
83982
86515
-5394
13682
13934
77522
72896
83077
-2087
53742
57008
25510
47194
-5069
88216
-4312
51508
86646
67142
71451
48783
5130
58406
35639
-6327
218
46595
-705
-7155
71484
-9659
86828
62877
-5053
5388
81689
82470
88284
74767
85260
46904
36653
15649
4100
36461
13866
4665
-2029
5390
81807
79422
59050
-8184
42707
4691
-9634
47802
56163
-339
50648
32525
2
42354
5404
4949
57742
-8029
-7703
50905
76738
87558
2687
18269
13208
11664
64731
31951
26329
72702
47342
13015
57002
16393
14831
4587
25961
15197
62390
87002
19735
17916
29528
24614
70270
39809
39563
32890
41780
36738
88672
23396
29174
1361
51666
47259
23025
26398
89210
54232
9101
41430
77247
70980
62701
2079
85568
-1337
22153
57959
-9457
46765
85875
30072
81379
61023
74758
30943
-1209
26540
72558
-2535
59936
11733
3703
16480
68992
31605
52878
63081
-4162
66856
14512
83085
47838
87213
-9958
38284
-9245
17072
6244
-8702
73837
-3003
26247
65217
62897
11007
1039
66565
42424
83597
74030
12361
209
82610
33719
74078
24217
-3402
47160
30055
68332
66550
18019
21048
63764
18061
69332
64519
40011
85576
60695
23849
87450
-3057
-932
60348
17950
4984
31791
65251
-1418
15823
82490
3668
3311
26210
87747
37528
27685
39785
72461
6018
16336
481
37066
84978
23419
16399
54375
73430
6853
25071
2158
4304
32015
6103
69529
54842
21087
11322
30095
24546
32022
22586
38215
40210
53673
30840
87739
-8641
80625
65078
7378
1840
75559
49321
-3181
3856
75721
61194
82164
87451
-8856
-5677
-3366
33159
5303
71040
-7121
36390
87239
27851
70936
24139
55314
19152
74350
18988
54869
72090
15225
45496
47169
32603
52213
27606
86801
59032
36339
67400
25104
28504
64853
26248
27704
71487
64284
43007
47405
62041
84274
44646
-107
65212
78785
60085
89241
63136
83950
54112
40104
9176
4486
-2726
46656
66699
29757
43459
30609
76097
20860
60590
9479
-9409
-3160
42061
66955
66001
89945
24362
38043
84221
79008
42814
54311
62671
12900
53553
35809
1728
12543
85913
20905
27029
88065
72438
-1394
27823
20775
34092
13921
51636
4684
28278
47104
6401
80339
24061
82402
80285
58423
30447
74507
42309
83261
38819
14981
1039
-2749
55667
12767
19794
51582
38549
51701
44525
20989
55184
82348
46641
-722
1148
8278
8839
39426
60260
25240
24643
-5678
12520
14929
57622
52967
-5685
4809
41106
38011
29790
52145
40139
-9664
69790
64811
46795
18340
26513
1321
44206
-8302
-6330
849
-4147
-305
14004
9569
43998
84264
44809
78641
83463
67330
-1551
51086
25175
2764
65895
76282
45652
564
33305
-9330
-4223
13096
65481
52572
36314
1995
63893
-9479
-1430
62440
-3753
-699
72136
15129
18870
26135
9394
68557
14778
-2264
40765
18104
53699
75940
25745
24473
57100
81397
35037
407
82067
35691
23503
57549
-1736
69817
64421
72157
65216
67869
39475
71463
77170
21612
-3407
6041
52625
10865
79475
72280
18601
30241
385
77177
16183
36130
11651
78160
22405
51565
88567
9351
-2743
22072
76900
5521
-3233
46200
82555
71983
24070
32032
48325
11241
58521
49795
22159
21147
65537
11636
-1695
89015
46754
8690
76194
72937
49697
-2154
55976
82103
59412
54544
1455
66669
81493
83232
77068
88261
34310
69624
65122
68380
6534
18325
84498
75056
78121
16659
1081
53659
33172
9387
52676
89926
22954
38871
67742
77529
46717
33719
69633
11007
-1736
75965
87677
84635
64075
74746
82897
8387
49248
52897
86767
60660
81223
81267
45717
69345
2804
51675
27882
45976
65939
-9441
40780
-6228
34307
18523
81301
85902
62242
55812
6910
65384
41778
4588
60020
15854
84211
47795
34241
38338
10693
31010
8999
-3206
17155
59593
71016
29959
21269
8900
80812
-7913
4336
31593
-4141
43521
54994
82037
39424
27237
47850
56334
-2501
-371
65800
62396
20360
54889
15069
59479
3228
30640
-4633
22227
37434
22522
-8179
18452
57358
17968
32229
48171
14932
46565
84641
15668
87
49636
7706
44388
81751
65556
10724
84127
70062
81401
56525
-4700
46291
81594
64779
59520
22235
70146
86624
64547
-2454
88446
-7000
64904
11292
35229
17953
36224
86671
12596
61892
-8363
72232
79598
46025
58861
50032
61626
52990
24972
53028
19516
25149
4198
5988
-70
73718
33101
74953
70343
7649
82500
63667
5526
57405
84959
45632
80236
31184
42304
2833
-2046
38818
79942
82429
89721
43682
42462
61348
6673
72311
19255
31066
7462
33453
47054
12269
17172
85032
-7900
-7607
2682
84600
60938
13085
46884
55898
68717
37121
-8039
15900
44831
-5208
64718
29651
87222
64440
83333
39685
30667
7
16875
59922
35950
29214
-1747
87882
46360
20302
82915
48460
22695
-9524
43062
-6366
13561
-5176
54410
-7720
36822
51248
18180
-8346
56040
87775
26182
53263
62217
19517
-2173
-2238
24401
19579
62561
70352
58793
70814
68235
15154
1117
56028
68491
28689
56504
16431
32324
80066
21255
-8388
82346
68077
47737
10527
64608
13778
8303
-4331
71919
75397
20063
74623
78036
54464
4203
50598
29694
72996
31413
2807
-6972
42530
68836
66396
81220
35341
-7171
18422
25408
24084
14911
12632
-2960
72648
28036
66525
-8696
41217
67071
73223
26615
-2865
57847
9530
56477
66927
70128
-3828
44801
6420
3857
47829
53827
82693
24227
39925
22912
21933
68347
53198
50894
88135
75830
57934
65661
13868
29338
66966
65085
6410
45067
-3422
8423
7793
10985
74900
84720
-8885
75949
39523
2412
89806
-7770
66239
77377
21334
16166
10291
53267
89390
68366
14163
82404
49074
76974
58066
72942
11190
35033
42905
27601
-9898
44361
46024
2772
60223
25802
-2507
56215
11752
41893
68627
11560
44124
44868
-1062
70335
65911
14106
33604
65302
-7527
52644
57707
51548
39619
20652
29368
60810
65685
77151
-6711
60664
26390
44190
73436
-3386
79992
75807
62830
1745
27701
36335
18182
76702
-8796
21998
57039
61992
46104
-4479
32173
43455
58165
-5242
-119
2662
25410
34126
68349
1097
21278
66515
66638
52545
20706
44953
54037
5576
25638
21745
12199
58216
68080
40381
44920
64162
72379
6837
36155
23362
12358
78328
76817
75400
83087
86698
82939
18498
30825
61290
24472
56981
37806
-4011
14404
63390
50942
78441
78966
81457
10187
-3957
49674
88268
46425
-528
57308
23682
16309
3464
57044
33544
-8206
38739
13822
79758
35438
6763
8257
71141
78053
37607
33000
20737
43596
57404
-5872
-584
40724
77972
-9126
55788
84015
50548
54057
35318
60021
16243
63878
81207
29708
30923
24753
26379
79663
48575
16138
19979
60215
29272
-4002
48269
76879
38998
73884
25353
1281
78012
34769
52005
60862
30520
17794
49756
-8930
76729
89951
55968
2973
63830
42053
37558
4755
71683
73937
89295
25137
76
19275
-4647
39349
20151
48500
21106
69149
32385
56460
75307
15275
1230
32190
86138
41751
59985
40772
37698
41592
40724
-1456
49442
9433
50597
-2998
19065
27159
80939
18361
62296
85893
42513
67649
35243
67541
26150
66349
46692
68535
32810
26877
-6188
38918
69068
84827
85546
33931
30477
33245
85523
76078
36666
39843
-4488
-7859
46845
24577
29300
32663
47815
1597
28557
-4793
79247
73800
72748
10275
45027
24318
88811
82715
61196
87500
31634
35142
77205
27181
79073
17683
65303
74597
3762
6847
24441
4152
8988
76164
33606
48289
18828
86299
59886
57385
86383
44011
36063
64009
64287
-8909
-1671
57976
78683
64402
55477
20318
4422
42683
52376
-6504
65243
22557
72970
79005
39404
2289
88034
58393
88453
31642
11560
12159
27942
81446
79544
24326
35459
20485
-1664
4624
21577
1542
72600
5138
70821
38078
35457
85243
85638
-7289
88739
60882
20146
66587
44765
69550
78877
42801
32821
77331
79320
54381
-508
17263
40706
83913
46466
81042
14400
54802
-4333
40854
61222
78267
55992
36921
21223
-3673
32166
16862
-961
25783
82621
24062
2372
37387
3613
-8750
85065
41312
73458
74386
571
82950
-3473
51277
71742
52993
42320
-3857
12674
47987
41874
78773
31132
2744
25695
62355
9072
67861
89217
12988
-1477
76716
47050
10895
18982
55540
7022
14048
1730
-9519
-6687
12302
78309
-5283
68456
60052
57711
20778
61072
75262
73642
12947
64036
9653
25691
-5391
82008
39640
72471
76104
62628
75871
62821
14556
-3233
-8196
74974
13789
10730
86704
14270
8920
9007
2580
13637
87464
67509
81348
13120
38582
61488
-8360
56406
30402
11293
86975
35012
-1820
36616
12361
84284
4123
-1767
51983
23556
5000
53788
8531
23666
69395
5237
42813
88315
19121
55394
11953
11463
27781
-1820
34583
76364
69668
31101
42771
4949
52394
39747
49961
55451
81241
72322
49736
-9758
80555
11721
23798
-9567
70386
42330
24099
44659
52444
76912
42975
81565
37184
59805
3030
74966
67985
42490
56208
42532
83591
8980
52358
40864
53605
12320
6316
39724
89519
60930
39966
80075
77528
68641
75385
52792
20972
9485
7452
83416
-8725
60427
69860
33337
25110
77767
18304
-2026
30258
84512
45383
18728
-1630
7742
69592
56852
30062
80785
1454
29582
46593
51420
14535
34122
30063
-79
-3085
55912
14283
9244
44207
10435
74548
18945
53772
9660
6713
76953
17634
46971
66343
73017
75699
74714
-9240
50169
36444
25699
35833
47899
60158
-7573
4197
84693
31427
39137
89491
33219
5051
13775
52464
54135
34210
31890
83080
-7139
51550
-206
79814
74061
51642
56159
51956
32220
35751
47593
-7610
77072
83292
33100
34972
53451
30405
44047
43022
66709
-6815
42514
9929
3113
61166
67270
67248
5378
9162
55206
3116
65589
65000
-7069
49652
21521
53967
6486
63741
-5404
64080
61008
81669
52250
4110
21519
10580
44515
75566
63602
21225
73629
10995
36031
86742
82161
13303
58869
-7583
27342
18953
5533
-2191
88831
3342
57461
20353
67309
68825
-5905
71906
42906
65103
58453
34
79213
89972
20614
28606
70417
89094
54708
54047
10090
741
45667
-2871
18921
9414
-453
51140
38368
9957
58949
37200
23299
21289
67553
610
115
71648
77393
47898
41629
45847
57932
30844
40697
88547
64327
21115
82519
29037
80039
-2513
34655
35708
4616
63576
49999
9040
19594
-1632
28998
88543
40445
62297
19833
17999
67784
24825
-5475
50055
82723
46155
780
50657
81876
51478
44082
51081
82593
31479
-9881
72634
38966
29651
13220
48459
-1895
73219
67500
27699
81588
1376
21121
26911
68550
50954
54911
41213
80657
54313
1269
73381
5346
12050
28916
-7900
73528
77875
53182
60999
14232
48178
38511
63198
87830
61731
16536
-9187
39829
-5963
28513
26295
290
59634
63206
78840
15466
28118
24931
6124
87309
36201
84383
-2467
53128
18177
-366
31534
931
57693
2534
25163
15872
45923
-1637
8580
17655
19776
9394
67484
23813
42784
3780
28980
12419
76987
12698
32762
9983
47630
43764
2170
-6168
38148
9704
51837
61202
14215
-6628
72133
81908
783
7298
2658
56706
10538
16116
79239
40314
30387
51601
69004
83171
60259
2862
468
47247
25560
38107
62107
83190
-8128
69155
81899
34897
88859
43737
6101
13075
41986
88234
-139
52770
410
12519
14354
15825
38635
3594
61016
73899
65196
34898
67071
30333
47760
72416
82457
83321
20525
54565
76512
17274
28598
68413
62172
27458
17028
78273
45410
69015
71385
50148
26663
76673
72668
51017
2499
16181
59489
73516
82
29563
13292
72030
69896
71053
49325
62354
64375
74727
21797
45765
2002
60396
24179
74174
-7268
46085
57325
43020
25101
38712
3169
61764
25386
80714
17659
32762
1774
82025
11156
6733
21589
34449
83640
1486
15503
42966
68717
84755
22571
516
40521
34574
65789
74701
13626
68521
30787
80952
16419
60765
24542
29589
27407
59928
15181
49943
-2432
26955
41970
18725
43688
73559
58051
37330
79923
83554
85173
53518
78310
17746
64034
28832
57197
34701
8411
80823
8101
44075
71776
34520
9718
1196
68986
47125
71124
-5831
1947
73570
31124
53917
-2827
79690
37477
65224
21898
22278
53656
17072
85797
41967
44818
54709
75676
6893
-588
88965
-2282
17513
37918
74371
62033
52514
85568
41021
4517
61570
40067
16464
45141
81191
80381
52314
65759
22737
22416
-2342
55015
86072
24731
50813
32917
74426
10401
18595
-8679
19813
12438
-6084
47326
55233
78287
14237
17748
73856
60135
32266
40305
10203
58730
-9676
-3727
49113
52639
72032
76727
85055
79691
41743
76006
9300
-2565
18924
88603
17836
42396
84801
47649
64834
88717
-147
30069
71883
18967
52694
50617
89103
-5039
923
9307
58569
1248
10457
17683
58764
-7509
4411
48697
77059
51031
34704
-8763
58466
63629
84717
81179
16026
79520
33706
85738
73115
43559
20685
54999
67404
83379
15618
66508
88341
26541
80692
51788
32666
1151
74348
1431
-1481
83636
60129
80455
44668
-289
76569
8013
73340
71287
-807
-5755
60808
37777
89983
43925
86213
20669
3802
63618
14049
29420
40127
7268
60839
30821
69056
3506
36849
53405
9815
40245
47042
74821
30701
-3411
84532
12148
14602
67874
-6564
18672
72119
59122
66449
72103
7925
62664
-2350
21727
36283
21699
61148
81288
33845
26865
16987
12902
40371
63836
71185
55063
14082
23105
39885
49660
29694
34419
71808
54296
7171
70121
77846
84167
39244
54296
66271
57169
21838
68798
83774
68122
498
54923
59411
39220
86665
86398
57000
31914
55112
38186
-3021
74071
71291
46864
28609
10987
86160
5295
70160
3332
85416
58007
-2500
34662
17182
68648
-3291
49020
47447
-9516
27143
52823
50284
-8568
2044
46950
82707
63921
83742
42697
12108
-9278
21646
88277
47586
60255
4142
38625
75550
84302
51957
65845
47188
59458
5385
74370
38107
12094
28268
-9567
7456
60289
53256
62617
61721
60177
14446
49307
34100
8189
2005
51085
8911
28529
49363
61374
-1215
58382
10000
79213
47563
71958
55059
4752
36294
70444
83999
79278
87415
22268
74588
-251
-7442
32722
72367
59157
2901
-3186
18465
41878
15003
25347
-2159
28791
58753
52082
166
67539
20465
15044
51630
78028
-8120
11567
87657
38174
-7988
76534
22330
84304
8804
6920
-5945
6239
49642
76422
75396
57420
78113
-1261
4176
3117
28964
12018
41908
-2282
74100
46951
70134
4566
66872
31765
87472
68752
53332
80007
11804
50221
66543
39012
44527
85347
55932
43459
1587
10452
24759
81861
77873
12873
85477
-7950
25990
24442
14068
72775
27038
-6954
24604
7173
2490
1478
43816
-37
75107
2026
89970
-8210
62248
66514
40802
11653
56739
6735
59989
63204
27187
-5251
49943
9938
17622
45421
11989
53612
74741
30934
31265
11780
33981
60746
23830
41348
67101
77646
51311
52210
89673
46159
54000
56799
17552
4803
78452
79168
16415
48442
52373
53602
53191
7194
68418
75690
62616
-9592
39303
42235
26219
75445
64015
65077
46192
-7277
16426
23295
80370
72614
80382
74921
23652
39260
41721
51204
54063
25051
40373
80478
78370
-2375
38958
41562
14819
17377
27253
82312
12662
71433
34548
43759
51756
3441
13714
2826
6165
40141
30998
-8587
17633
21381
76334
51285
70641
22933
12490
29582
57984
57741
14938
46355
60243
58774
-7205
79939
81028
24925
72253
-1431
1236
11679
52328
57869
19998
76042
70695
31040
21061
11695
27330
48695
37953
13665
9981
13473
41475
27349
53055
9460
-4909
72871
60692
65334
41646
58364
50151
32675
-6710
32405
36121
-597
48962
-1550
67272
73837
79370
42845
9755
5309
64540
47085
64004
7372
70750
78863
30845
22226
16213
88777
36563
16181
71649
2133
86392
18173
70497
46544
55726
68664
83827
1848
78067
42790
10299
50217
21505
-5453
3063
41260
9856
72481
-1654
78738
89853
73973
67602
30699
1077
-6184
29477
42517
19997
6005
54650
16390
34178
35148
72934
-95
8690
61639
11754
-8365
9307
26930
51852
40812
31477
59792
86949
46210
42274
-4704
34949
37005
74146
12552
77704
85223
11245
12060
37741
36119
28065
-2731
57386
67120
37294
40322
77026
55984
6839
-6342
52496
26147
30588
14349
76959
66942
79019
73910
23153
26171
74083
62980
73177
58231
85532
60882
48332
1656
77819
-3925
47775
15885
-1779
15163
-6993
45516
60362
74910
6378
77201
78568
68875
13349
14034
88101
-4813
-9023
77121
79097
19007
13294
58058
-8012
-3528
26290
82398
62231
84623
-5945
50052
85575
51830
70814
-6203
71870
68698
44190
42233
48486
60569
24313
37055
39445
47662
61089
37547
52849
56943
24670
36824
85951
42841
4884
87939
44190
36051
80338
16422
30675
79270
71351
21128
35979
52167
19803
17850
25743
73993
64961
84230
44563
-725
26163
-5991
56937
-7869
36434
14665
59074
65981
56366
55026
18823
71250
47844
73013
12180
33060
-5687
47732
22332
75665
78861
68311
32710
8665
-8961
63330
87535
66000
57561
36977
75275
88602
35863
37091
-9266
82297
56633
59808
58279
23000
19713
81979
-871
77557
64993
21309
15495
64184
79041
47827
44727
62780
21016
82314
76322
16933
55645
73859
-7066
18085
20837
73087
16688
61577
15056
17422
53876
76566
87230
22156
4444
11821
9014
13573
-621
78884
39759
24875
53069
23679
77579
7797
-3540
3474
112
77660
30407
60635
61520
28218
88720
87234
6183
10286
58812
26116
37708
17566
12683
29816
44600
22005
51638
63614
40455
55894
52499
-9784
85646
10447
18772
68104
28244
25232
81578
33234
12893
16863
-1253
79290
49958
-2532
71402
61019
12631
35093
-7987
60339
57536
9574
-4967
12137
41579
51548
80628
-7965
17444
43129
87127
7968
63576
15900
86072
-3302
46010
72528
34809
63780
-608
43556
47949
54228
45901
29352
20125
68532
69322
22138
33749
31737
41712
38783
53874
-6708
332
44504
-4672
22653
-7489
87332
40622
60964
13234
36695
62539
69244
19225
7350
43025
23494
55783
975
82599
11686
35205
12725
85095
9405
44864
28846
51142
-8546
72506
9895
-5253
77715
59276
-5048
10370
61787
-7715
55869
27629
10396
2565
169
89640
26667
12396
42667
55039
78180
48519
47639
-133
-6275
65242
89839
8008
14984
28686
69150
16438
11193
89045
16062
-1090
58322
21014
14157
24987
18177
80026
62616
38573
87468
67663
38215
24137
-9940
85759
84053
78240
39156
36570
82984
37759
11813
82825
55767
36797
16389
29795
58113
32460
28842
84175
36247
-7958
10068
60404
21907
38245
45308
-5476
86818
42777
67064
29911
71791
67125
20548
65845
50243
64582
12417
38106
12342
29107
30932
72986
70782
52198
12782
38896
-5341
46501
33072
40906
43421
53140
6188
75328
-3737
61496
74729
87959
9152
51795
27871
-9056
28921
53297
61667
84041
27880
78961
32148
45099
12946
67957
28086
-6271
30157
50868
42625
29693
2248
80575
80600
55669
38593
-8334
40998
39734
58040
25728
37694
77192
87523
70442
73013
21322
28617
39558
15365
66497
28520
52390
21597
46344
30349
54560
50073
70506
15430
-2423
10200
27678
83029
-4322
-6652
26500
-2655
39223
76234
65385
74951
23929
47455
72476
-750
30469
-1324
37867
74905
24041
9243
8303
86432
35717
64647
21659
279
24722
2166
20586
27176
17243
53141
20206
17799
51366
56706
20021
590
42942
-9716
85541
71748
47739
62895
80998
83085
71572
28867
67991
491
48110
81172
-8199
-6172
55820
23460
-1016
-9457
35626
29570
27719
57747
-7288
52802
80423
54078
19510
10445
64668
67329
10729
55088
49078
63345
27984
34955
51308
4434
73822
24178
14926
26810
15351
16727
25515
81171
50188
34500
76592
-9308
74070
9189
53316
71660
71992
43740
35739
-3620
64185
5286
73709
79791
70374
32788
48014
3236
77743
4201
17671
56443
38379
42597
88130
58607
64201
23647
44656
24390
63024
31249
19960
41972
45316
83276
23633
27309
37018
64250
28566
6081
74413
12276
-9249
54788
49941
43642
62901
32563
57843
-9427
-993
1100
38047
-7984
64584
7127
20540
19242
41517
-6435
55368
66354
40414
10685
59632
68925
42871
1528
38053
81437
12486
22467
-1409
13237
82132
58533
61757
55034
1097
24478
50485
4981
35579
-6590
1874
5041
10537
32414
34283
56932
30856
-347
33287
76148
15215
-2203
55074
68087
9325
3128
54402
31812
35595
62994
49926
27728
26405
21684
87639
37502
56163
48125
47360
-3380
46413
59235
11661
66950
-3473
55945
28760
32261
60475
72048
18410
85690
74722
83484
58655
-5951
-8510
23059
35861
37085
-9069
-4212
69690
27336
27473
67330
69715
88513
20334
21953
-4866
76747
86065
16795
48575
-7406
77617
82213
29732
48093
59139
58142
38662
43862
51627
7318
47911
47994
35254
88649
-4920
36185
-5561
69647
68398
26789
41855
48114
20180
72189
74945
25314
53814
71011
46986
7268
68482
34605
-518
8215
87575
63498
71234
36238
17361
27739
48434
75273
85733
-6311
73923
85690
34752
73239
65338
13151
4906
17195
66143
35086
-5738
45966
65277
52954
26978
22265
65099
339
61747
69458
13431
59323
42957
-5333
440
70318
32406
58874
50469
28141
57440
29271
23832
2193
7388
-5951
20222
22295
21244
-8757
62258
20383
47209
37537
83337
84187
69802
53314
89403
41550
32773
12836
5751
85730
12380
11068
60927
54786
74819
21397
87804
42261
55545
21638
49331
72934
20564
74430
107
46685
75673
72365
77068
32883
19903
65284
21949
-294
28599
21353
46133
71373
39066
56762
67104
61446
77830
38032
26234
57528
64307
18916
9790
29853
45431
63998
7665
75995
48430
17772
32681
28981
139
19751
71865
30042
89912
3815
34626
28512
30045
85636
9886
79112
47276
81868
50559
35108
24778
81670
2637
-914
10588
17304
33817
66019
86179
51482
52016
39487
79255
-5302
78469
84271
19326
55212
24314
19239
69027
63817
57752
9073
54332
72515
-6937
11609
59261
53623
51594
-5959
40171
64231
-1996
60759
86412
36698
31657
77470
-6941
-6326
26958
82314
-6751
10305
71463
17453
75517
655
46692
54545
74473
9322
68496
33683
86715
71559
55292
55977
30060
16888
54895
80232
85996
57777
45869
77287
-647
87526
64758
2412
86077
-3406
89603
84204
16900
71067
11658
2418
81723
68350
61841
61074
82550
35215
4758
79266
11652
70050
40121
51713
-8184
-105
36823
87813
67672
-7307
69978
77025
85097
44737
84315
81175
46208
83919
75380
73108
64988
-2961
80404
56712
70267
52246
27787
62818
-7661
37422
46962
13991
17473
-2916
70581
14167
6979
17405
6858
79528
14976
86836
61432
10074
36451
55748
-3873
-7340
44545
81508
75769
19534
83424
61051
81123
58569
18175
13788
26265
20514
61210
83227
44505
83561
85189
25088
7729
-2954
47370
24587
81452
72346
21424
52885
-7579
67875
13511
-6574
65412
68056
84934
46059
-7531
73236
17111
83592
36684
45286
7382
72949
70677
73469
61055
20061
67031
51122
50026
84760
53045
7397
14225
44498
84621
45649
2261
81919
18402
25772
85345
88692
-1293
75157
44752
1176
58395
71864
89645
5080
22028
1905
82906
-2416
85375
53962
27645
57284
9962
87671
46923
73008
-54
71148
27507
-5432
21676
34646
86488
44955
65295
81834
43648
74002
66993
-1598
80055
30266
75143
79702
40223
2049
-8392
28007
9633
86983
86847
42155
54269
6810
34704
6070
89818
44651
87218
22204
44096
18895
66850
35462
68728
37023
27298
22377
21027
-831
25656
5960
34312
10800
-4337
79412
17727
-2728
17420
37360
89132
14268
84393
48279
31079
29098
64349
25775
78626
56446
57979
32724
80218
29707
78186
58947
71608
10362
-8674
-2487
14408
21859
13473
58720
37537
19137
48133
65264
21286
70431
7502
15296
-5300
1896
73576
30656
40995
42803
66432
29622
9250
29289
67223
-530
63874
55411
68417
45483
70650
64620
52996
-4940
-8642
76469
63780
38895
484
16792
14160
31770
-2776
31662
51944
-3199
38436
35521
37458
84308
88324
13891
18808
2453
53180
-3967
11923
27055
56321
85217
77415
36972
54716
40412
36909
56074
21760
5568
-153
32244
32360
24007
68892
34461
60546
30837
41262
3860
71235
88720
-1831
64437
7489
26978
71767
70670
33011
-6309
2603
-5790
83786
84896
36059
43380
35309
82969
4332
61946
-1462
14179
-931
35775
43063
77961
80236
13610
13676
26376
27471
89788
25098
30517
59103
42587
67495
40872
18135
5384
39440
25616
9594
33227
20513
50531
81484
60699
43501
-4183
32647
52039
14873
41716
-2185
67936
24555
82928
-8452
43108
19305
23896
37774
49280
64413
6878
-3254
36787
57750
19758
47048
7192
55374
61520
45296
80764
22052
36782
46342
75553
37476
88989
32470
62350
35583
35162
35164
65015
28091
36712
13001
52273
65485
60775
11555
34777
77653
18301
76441
40282
42936
33490
57474
3189
5011
7648
-6046
31940
49307
50296
12371
-3215
44163
54841
64012
84623
4
9177
59639
32972
50767
82640
-4753
21130
48293
11679
60784
35948
34857
47226
86230
87793
85594
48582
983
-4517
66230
-185
37424
25539
54988
59795
27201
4030
24638
-3909
-1346
29519
10145
63171
67369
70912
50689
72616
-3079
8984
89172
67705
49809
34030
24933
40917
26701
20528
-500
37685
26011
70607
42377
68312
1024
7366
38109
33102
16273
67624
34070
24928
2021
54216
-7023
79390
30006
53666
62007
36927
72650
61180
14634
27337
88
44444
78254
36790
69849
82631
79352
738
58117
31730
79051
69141
43973
22038
7122
70247
-337
51192
53
11684
10286
3030
-4047
50293
66696
67960
-7902
44225
34019
11609
81562
38984
66053
69818
85774
40780
62450
70004
51519
30568
6612
35448
4588
60586
62363
16587
35711
66903
72656
45764
88587
-7056
58794
89417
48114
30368
67379
50212
84593
6276
71822
76157
50137
42753
55976
40790
-6465
23304
20795
49931
58750
37408
-9743
68215
2872
62620
89679
48583
39524
72336
4348
32989
70157
68019
32408
28272
8388
4665
88485
2983
15818
70308
84017
75955
23062
44871
26746
21474
78175
52419
81405
41803
-172
76539
14896
12700
49160
14576
66160
-1315
-3086
80508
41675
77071
53405
78960
15345
71793
-6374
8708
84776
19444
83893
78794
5400
11833
28543
37024
43308
16720
-556
29591
63400
9272
16132
88297
26849
75292
12874
3010
78855
14665
88395
25408
1738
51801
14369
21960
28472
17995
35545
18127
42316
29439
1799
52593
51272
40343
-382
-542
67063
9062
39050
35341
23211
60059
33639
54937
45352
56514
62824
29085
76056
61220
64493
87794
17899
88862
14632
56372
11735
60177
84499
64051
-383
-8824
26646
55767
41519
36264
65225
13460
50204
14276
58802
78292
84335
2442
43231
34566
63833
16056
73651
49891
82154
43023
42563
10054
41886
62073
71303
58499
32251
60680
32551
36746
61857
64074
2514
13377
5217
77739
36838
65421
-3106
5641
53714
86106
12960
1823
25550
81671
27880
4080
36440
20035
57103
89003
34966
3867
61077
11148
72366
-1793
81828
9796
44953
48563
83870
52344
71941
-912
34961
13657
69386
41855
24175
27979
32840
47135
39802
68390
33684
72559
77347
80124
-2528
44451
79129
42439
58319
45084
58464
35563
53291
50293
55359
3122
3735
44108
65466
80553
48073
10429
4211
22338
57161
38386
60317
2
-9601
4997
73270
28961
87557
60618
19086
-4970
15071
8216
42346
78267
58178
10811
23831
21470
65982
84068
29470
79717
38177
4937
70271
-3749
25366
79359
28589
-7471
22623
-6216
-2592
17899
8782
80678
56860
1217
46175
85947
1124
71246
-959
48348
54391
67219
69159
83099
-6432
40019
77168
33038
29737
25346
42852
4886
26475
73096
-5754
59941
70502
26869
63726
77910
54769
77385
63467
21630
83479
19643
17578
-5396
-4233
21497
52952
60158
-1283
26990
48135
-2838
77009
35305
35077
11625
65528
87930
26511
-3119
71027
30758
66823
51530
62504
35427
34318
22151
22813
2663
53782
11170
32306
76237
15774
32950
7735
73604
-2014
11330
10595
56122
13369
-7518
1428
58447
14107
71833
51255
45496
78715
32283
81131
55539
88690
53636
-4156
27886
85788
28657
40550
44448
44704
77733
25563
70478
20685
43299
48960
23548
59506
64432
89670
82875
61792
-4024
46200
85899
77810
7456
36273
61403
44616
27405
26943
38184
85919
32787
76071
76585
66321
21499
31034
21026
4110
66597
-3618
29672
14774
50220
63221
79157
24653
57769
72034
-8677
63746
28235
87223
46434
40569
28374
17838
-4814
65780
49658
43371
56577
87322
24320
43163
58521
50696
79074
84424
64806
50549
85683
4480
75324
45904
77701
59359
75435
40348
41394
76758
14095
74507
68859
65406
25077
7235
88121
25140
77892
47780
78511
39347
39980
7709
-7489
8502
68405
76462
2927
43213
37012
-1388
52570
17214
54516
35149
86574
34829
85497
32846
21589
4471
12231
-4674
79877
47308
12561
72877
77326
-4669
30658
60715
44678
75516
78425
42066
-5981
51708
28529
6947
-201
70419
10436
62369
-7489
69829
2396
89085
14660
-2105
26810
41126
12366
49041
46452
-2879
1228
63891
79998
88554
64099
15535
54147
18779
1052
42573
70845
5071
4283
4253
16895
8959
84672
32208
81329
82060
12039
-6274
76024
31576
-3502
12835
82702
18864
66753
34032
20863
72858
2801
10862
66290
76901
36397
30439
558
42326
83012
76280
57398
-7827
-9466
79170
11133
80083
21380
-2660
72145
38296
-4057
58170
79872
2442
75882
67452
26183
52636
6362
51923
35496
19164
72786
11787
943
14061
52226
11501
66388
40117
-7341
28664
37167
88070
12712
53177
78154
38969
60517
55177
87265
61338
18225
77138
73780
-1015
54591
4841
56499
65831
66765
-3127
89872
44429
13537
816
63367
75764
17194
34633
20759
19853
68174
62803
17924
-9112
25982
957
39857
-3500
61011
37124
62715
84114
19140
41373
-6900
78609
56215
54476
54441
27858
61349
54314
82287
84887
65130
50532
65529
87201
-4833
-3711
11932
73341
69092
39857
74229
5075
45691
18965
6453
11580
60966
74045
5695
-9893
25420
3673
78716
86512
68149
38035
24371
39500
2350
11536
29265
72357
72068
4795
69559
77235
11084
86369
55455
85053
31104
34562
-4993
86795
63527
6337
3253
34494
-9617
18949
29479
20680
27499
13073
17193
526
61109
51564
44903
73459
67977
84168
50695
44924
-1036
25132
32160
14925
21502
-7507
4857
62606
37056
9864
54279
10584
21078
67533
49956
16338
-8640
89435
47019
28859
12509
74212
39385
83618
30655
89166
61956
8633
83335
22652
63557
-7699
52661
596
17226
84164
3089
32083
56771
45022
46824
15929
65607
72779
-6537
20441
-881
-5177
19877
51015
28559
37263
35228
72821
25760
70760
71988
-7406
84271
65325
20123
52706
62503
82784
58179
89729
76949
71269
26691
38599
26292
78392
64528
-3223
61173
62868
27218
65169
62568
51972
26185
1128
-5886
66290
83949
29874
41929
60816
32468
36201
31019
57468
-1092
3523
50253
67088
-1870
32081
43235
29698
75557
74404
18092
44963
76059
84142
17832
8155
54189
-9599
70128
85251
-3594
74242
56419
85232
8994
8349
56049
46339
54550
-2931
13808
58336
5469
68938
30302
13600
11020
78414
53298
-3422
57696
76267
46418
43756
70410
74250
61912
34600
69528
36918
24729
75934
16038
-8850
66045
35032
9499
32095
-8628
68927
34042
10057
32141
49511
88995
72443
67988
4894
55735
31288
6349
23432
17556
62768
77189
-7155
41896
43979
32322
16303
85774
67052
-2885
11813
68202
73160
51722
87701
10134
47971
66629
54176
68028
8771
8565
61901
86091
86554
76795
51827
27843
-6854
80137
50276
60791
67327
53121
12688
16184
-4555
38991
11959
67374
46107
28649
45577
29268
-9628
43279
44279
48343
14787
8456
26372
28435
21899
-6849
19405
18454
79947
76109
51174
83093
66247
6328
53885
38452
69450
71450
64636
69772
20443
81472
47147
71427
20122
-2398
5573
15371
45758
59853
73714
70545
73186
4964
3859
5086
8116
33264
33540
-7059
14251
89591
86034
-9500
5921
44797
38952
80248
21125
8467
54898
46445
-60
6923
27873
24940
14525
38324
45188
65160
3055
28904
45707
86241
38745
54443
1329
51738
-7415
39746
54679
16836
34216
45591
17336
45014
-4734
66289
35263
26392
79633
-4961
82837
84450
11962
15589
14268
31364
63913
69457
6525
76968
3239
57109
68087
51984
16430
79416
13724
19015
24041
78403
45852
63134
28873
68065
18149
34139
39232
63412
70531
28866
63328
63370
23318
80167
83836
47586
16409
57750
27044
27811
39596
40283
-5078
17684
-2854
21352
1979
15747
45245
30897
-972
-4025
4032
37901
74040
32181
82041
23274
471
62573
57017
73799
30821
85212
58844
24658
42800
85253
87285
74721
23065
36882
19883
22864
59444
21906
54217
66300
47653
4340
7198
56681
10315
16107
4584
-5644
53165
-3374
22507
63636
64076
89525
42313
4899
79615
11158
39557
32416
1289
36844
12016
34354
78603
36776
67219
42925
68682
26314
19226
21213
40654
31301
87894
55846
57408
-2644
60202
20574
-1141
87587
89087
72936
81990
36278
87835
71606
52313
32270
8901
63602
73991
25794
2835
57473
72570
80054
10399
46130
11246
34503
77343
61900
75804
70115
27747
43214
72349
-7173
68665
81208
85291
62631
64145
77282
8910
56858
53767
71224
-5993
72668
39704
77998
8463
52539
40349
85910
37471
60749
36918
58717
5253
19139
25495
85934
-5868
58119
39149
76481
60947
12693
67691
56239
85324
36714
38400
-888
3574
2168
75213
7581
79713
19796
-9543
-6946
82335
40807
88964
29808
6434
35883
-6597
16564
59899
28899
12499
64031
-2981
56526
50514
62843
74096
23083
23961
64298
69797
72361
73410
83371
79406
53502
-4170
69120
83298
-8835
72174
70511
36849
66016
10320
53283
6777
8601
79847
76676
47500
-2776
50708
54519
63750
6100
22241
42724
39183
56202
17023
18982
38564
435
7231
27971
58814
7939
1969
52113
9104
84143
32625
55953
55037
47823
14114
71814
66424
-1161
53368
18802
6063
14077
78198
74691
25055
10440
27416
74238
76642
54440
3221
20084
59752
15330
52932
28567
33269
64901
85557
52373
53922
23060
13204
18960
75760
37318
-4348
47062
46157
59020
75864
62220
77975
58941
41789
13031
79381
79206
-2730
60902
38524
5369
-9013
3154
30699
53920
41721
73968
28822
32156
31219
87622
65216
54423
16583
50978
1742
17113
8041
57899
86133
88783
24997
68986
57725
76787
-7982
47107
60871
-5834
18010
9396
9535
13875
17427
50234
77795
64025
29080
11495
6182
70299
9118
76275
34723
30579
37254
41342
57692
50173
9242
48703
43834
39116
27691
11560
25904
29709
63544
-8347
33875
86432
5926
48287
10308
33353
3399
-7019
7379
42479
14476
23561
17656
33595
4715
57256
69051
46846
8599
36744
7020
22718
-9675
60854
71835
28016
77291
2617
62603
50837
-852
1356
47270
15074
59644
62455
58428
67920
65436
70684
20401
89912
-876
42934
28385
13839
5069
7437
70685
23668
49058
82583
51264
49384
48315
27977
82277
35608
35471
54881
-3554
44619
66238
48593
69694
30760
21049
33000
3558
-3514
13685
28836
-3601
17686
81771
29662
41525
-3159
47099
17089
25386
1036
9673
86650
60420
67988
19505
52698
13597
64977
12458
14920
19597
83573
73513
-5831
19211
-560
37169
32769
5926
55732
71606
7203
83418
63378
46865
29822
65096
-1158
56911
483
4755
71461
-7988
75175
49450
21517
32752
67925
-3505
55210
87722
20970
43661
66114
25139
72872
75554
67186
15642
86358
27796
-2751
3562
16092
65504
55304
55914
40601
59023
17703
45962
73779
-835
47974
53832
53493
74368
-3415
31419
75741
56672
29142
6712
10334
5257
36728
-6793
85689
13915
13727
82048
51711
20976
-4389
72681
-8641
55792
38596
41960
19693
61177
-7200
3473
70342
50774
62183
33836
35144
63645
70132
20886
30319
9276
32475
45530
19410
79203
43615
15100
3120
67342
7149
59708
-6804
7637
37267
-5445
68306
85864
41393
-7122
57042
44193
1228
32262
4969
73411
70976
44990
47058
51109
70753
82254
70385
13229
37785
-5326
-2690
-8599
14651
5307
68743
26678
69893
71940
39192
17161
76495
12377
13026
22766
15255
74945
76960
26483
12086
86806
9896
-6937
41797
66954
54172
17428
59209
29436
35534
1872
28987
42844
3274
53638
58152
76894
-9683
38046
58835
34387
65207
40209
56764
83111
72975
82019
62934
54813
18503
85020
51620
33276
82960
3418
5108
47134
25723
69194
81447
71257
81067
20435
24103
-5658
78950
-7744
76113
74145
40302
44950
18533
10387
-9963
85297
3499
67889
72194
71311
32704
-4425
66332
-5675
38852
54171
2621
53960
11306
38344
33156
-2369
19603
19101
22943
53706
18320
11894
50839
4434
-3960
-3981
54261
19450
16406
54298
14748
24783
27066
-8180
6095
69770
-2604
77304
68972
46248
41476
81593
5086
57659
24816
43119
65290
49296
72220
-1766
7880
541
15006
68719
14976
21046
69615
79237
45374
-3978
38414
64999
25682
75480
66820
41777
50128
74216
23960
29101
25342
75436
15573
40428
43097
50389
88425
13265
9686
70646
16377
22443
76065
41383
1163
-4081
67306
75655
80033
22681
81677
28448
-2318
12238
8806
74502
58892
68934
53596
-7147
2914
88938
78290
28487
34244
26265
83753
32670
49530
-1683
8195
70784
30760
-5739
22168
36800
180
-524
22456
-9786
27034
9011
23540
34716
31249
42346
14096
-4980
16159
77692
-2127
29073
71508
81040
62437
15754
12183
51068
53301
66591
59385
71496
47376
-4977
70634
79545
41823
75691
83898
69156
75906
20933
88167
4324
65650
24295
51547
89746
29315
72583
72317
32065
6534
53826
23107
78971
74457
40167
40040
37760
16759
4303
14134
74136
9326
-5230
58559
56026
80461
52458
35183
61245
83391
33352
70446
53919
62524
31995
48544
1840
9456
30862
43905
25991
-5311
71889
9840
79147
22058
59881
26908
43694
69061
45919
27831
88388
45566
-8732
49292
30906
53726
-5523
2152
41996
32706
77476
793
5231
14349
59337
11948
33805
200
65853
69796
4890
42621
89637
-5962
69556
54396
25823
23251
33458
76619
55960
26724
32187
57228
80894
73093
15833
85371
80122
62706
28078
67599
73499
38186
-8051
42838
60134
30632
53038
35988
10429
62805
83486
4944
61720
63043
64217
-7579
-8827
2554
79041
57133
39278
21229
19239
30173
4323
39949
20422
89322
12656
53377
66923
-3843
1564
63749
43872
71698
4382
6911
12565
19689
74594
929
29510
46315
73973
3729
48737
70023
16283
37779
37157
60438
63885
61273
-4510
73085
11224
25912
72408
28757
89290
44209
34914
-4268
17960
83663
72308
27219
576
-5126
51785
80047
5803
-8703
36363
84653
5026
89977
64677
31309
37757
6712
1748
6520
72863
7238
89605
-5912
38028
72015
32845
32196
21102
72637
37928
49062
66301
20237
81159
71754
19988
42945
61802
30669
39119
3044
25323
54145
3022
-5121
-9668
45657
6468
-3042
62177
89331
9073
61784
-6580
57101
38677
31143
-702
69779
8658
42104
23720
79836
67218
14880
61592
-2792
62702
28272
37877
11823
41316
68077
70845
49216
67833
71178
4874
84302
78136
77051
83634
-2790
43713
81932
59189
-7609
17953
63364
67048
36611
10346
769
26448
87565
20526
-7082
89650
88105
31191
32405
9929
77384
5360
85652
36601
83194
61708
46352
77497
49845
28282
66009
51932
81995
57942
15999
84387
85895
84241
61436
27384
4588
67082
63833
2154
-2391
61628
-3318
-4285
-2303
39087
10522
85082
54448
1052
26561
47643
72760
77791
30018
27483
16074
6028
84292
8070
68848
10293
-2665
59621
4535
63648
-2993
14000
40731
65717
26155
43217
37346
27714
43810
45044
76802
59209
35004
41251
70261
66442
-6228
47899
54234
28667
85382
80308
44695
74552
-6743
18421
-5154
592
88043
4258
69118
-4949
28259
19850
70768
59291
67945
12992
-2994
16633
68036
78685
85842
7918
24814
60981
84361
23463
13758
48596
62130
9141
33783
11704
-6306
37040
40125
-6582
42509
33046
2553
21628
38097
35689
46356
13743
-142
24302
36736
1742
45812
9650
-9572
36532
27569
20120
7514
16808
53583
26149
75404
25715
45290
14065
47419
43861
55982
-7578
42156
8493
35469
54710
40121
78443
-4723
-8645
2188
5136
20534
43801
16878
76346
58328
12183
22879
-9225
42303
35270
17583
5888
71419
-2134
41603
21587
21931
-6100
70326
87914
-8801
22483
1285
36668
82070
46283
19990
87348
47639
32178
-2638
78173
80856
24240
59398
49185
46423
-7722
49961
-6395
32426
77544
9493
13846
80287
55973
40311
12220
54750
20638
5012
55949
47998
16297
-2504
40070
72580
22363
32296
30220
64541
39658
13272
50275
68775
82670
4338
20076
79825
59176
23681
22252
41599
38051
40976
31887
-1098
-8712
54107
63652
16803
69119
24480
74801
-9706
26853
19749
72875
59216
56922
13096
28635
1458
36368
83787
80233
23916
-1874
5188
13743
67303
38869
45995
13780
81798
-8151
55667
-9299
-6863
14653
59231
14817
88649
-6288
-5503
88944
25442
24246
71820
-5341
86046
89793
28171
-2495
31040
21959
82616
64956
30085
-2195
83576
2266
41551
39573
26046
33350
41422
-8285
28929
39437
11245
-1839
59131
9895
-3250
63628
8840
32192
-7247
85537
36851
88799
85332
75022
-8818
26373
6982
83798
-3793
41944
-8396
89784
54211
43156
34235
85134
81383
80534
81726
20313
24849
2972
23351
-6018
22868
30101
62487
36585
72293
65240
32124
14022
58917
27457
-6078
60100
58707
5781
48776
59791
57726
50381
59576
16815
-1585
-1311
11950
84675
89224
3678
9867
18951
11527
43218
22933
44395
83320
-4578
-9018
65614
65539
33106
89637
29335
65440
88436
-564
34148
4219
58212
-1183
71945
13471
63271
-1239
16763
71960
15588
6317
66062
24143
26184
-4985
45671
74279
22825
-5056
67600
23124
-4074
38093
-1335
33909
32608
38000
9350
31045
42313
48375
45264
5403
52070
27210
23752
25342
30848
45392
7303
51314
61709
78243
80334
-7229
78135
36006
77051
10961
35828
54652
44086
41754
-2377
47628
80541
40231
-9494
-5231
81277
37696
48022
31419
47976
10093
63507
81728
45435
-767
31999
57615
60547
-1414
40736
50883
1358
28872
-8233
88409
49834
37595
47939
-1202
84227
50440
51303
69646
672
46686
74415
86826
89259
27315
28247
47236
42285
-3368
33843
-7402
5865
75842
60214
71290
79305
5828
27051
-9336
44701
28818
83950
-587
71291
36768
8211
60396
-2791
64391
40043
2758
21078
19336
-414
20338
56652
32710
72451
8938
39342
16295
11537
50084
-2985
76628
31375
86321
-7543
68426
81862
42035
7246
75814
51448
83414
17460
69659
53811
24669
38928
-1268
37427
70006
28068
41890
-4778
89597
79477
77674
8537
23697
-1153
24951
83782
5863
6457
25158
-2938
8914
-1537
88924
55827
10586
74739
17276
4001
2200
-8186
62689
31746
40742
71421
74051
15627
4367
20819
20849
3966
10298
3401
17380
38872
7126
52331
32655
22989
68788
62691
24928
82579
71154
23853
48407
-8259
3471
75684
619
10548
72375
73308
52295
23118
49607
31224
43622
63974
62043
69349
77940
82341
82750
5321
31215
-123
67652
68747
27743
41318
36316
62671
28776
17471
-8597
82060
14089
4874
62622
24708
25422
44998
2894
82594
78117
62501
23819
31740
36477
-4136
11090
24418
83082
-1281
34617
19175
3473
7147
-7199
36094
58466
39117
3643
-7880
66589
5046
84180
85555
14797
56804
15142
50220
11803
28036
37692
-5202
-4584
71512
31416
41893
77376
52506
71188
65336
56102
15806
-5487
64453
27831
-2686
10548
-3702
46431
24191
-6705
17898
34115
87475
8332
58912
54280
33474
14010
76084
66387
61703
80882
71803
38093
22299
23697
20347
79683
-236
-4316
40663
20447
-4926
15117
58278
-2735
35665
59453
48574
64734
62748
76472
8850
60225
89681
72639
19383
33156
-3349
5468
9545
63231
-8771
-8651
6202
18405
19924
36549
2966
24565
42233
53630
55012
42185
78747
18169
49450
19291
87622
8025
88902
55249
89375
7753
20352
89057
85269
49735
32215
86797
65204
46637
54906
61310
42863
71108
89715
72787
17658
-2440
7353
64769
61190
67243
16955
44815
-4587
71282
68983
-6964
89308
67886
53162
83561
80516
83514
82619
70664
43251
19712
67462
13333
71226
32370
84643
24091
13479
79236
6879
36015
86796
19110
5662
52864
-3646
32617
2558
1767
8777
76418
-320
2963
54306
62843
-3475
39700
51235
89145
20365
4487
13735
-7294
27820
-5037
35076
17341
29054
53432
6579
40810
-5675
-1747
69920
9987
55995
71151
47481
63430
82918
66259
49849
87476
79222
9033
55197
85748
58734
16433
79771
83976
30921
-1616
86682
63618
3347
26636
-9039
37278
84946
2417
88089
89271
5547
62887
9260
71542
44040
61618
39850
36959
37878
-299
29313
21979
18734
-5489
12605
82345
20945
2377
76323
56743
10761
67883
30362
18986
4521
31323
66264
-5655
43740
64354
-6383
59288
37243
7754
35708
86160
74250
85559
33120
22129
-9862
67311
48985
18872
71822
71590
6096
-2355
83967
87296
64388
-393
60057
4752
23470
69455
40952
-265
73800
89570
68967
72295
58859
11088
-9950
-555
7249
69177
89881
45246
1308
-9980
22558
60293
13770
-741
36762
29866
6904
30730
22040
81293
35214
-7902
-9077
68684
71554
41875
73297
55355
41446
52265
37651
5183
68230
32579
9506
85479
11757
9388
35603
17942
9409
68162
83113
28056
72298
29876
62799
89202
65483
-5160
75373
5576
-8185
76296
79137
73369
28173
62435
33603
74496
19578
76131
89680
-2191
13588
9187
88165
30223
23452
33770
53042
37738
6810
46156
75794
89108
80909
48594
83188
51271
48311
68563
61724
45004
54860
50862
28374
87910
23299
66854
72408
47754
47864
66966
55564
71452
81030
48607
6553
9360
-7622
69596
57099
4065
20630
37771
-1949
6418
-8756
-8759
67689
49555
69804
39414
4560
29542
-4846
37812
22331
28453
9544
4740
86208
67408
76583
46650
43739
62491
5258
60292
81851
2514
39889
48951
11456
70520
-3276
19508
86938
-2032
15626
59505
52400
-9692
3797
61838
29850
8951
4528
57058
42282
24072
71798
33368
1482
53259
84895
55221
25751
154
25514
17604
7545
70281
76555
29002
45679
78156
53387
37495
81001
79013
7001
43403
79321
15675
10119
14049
34626
24647
81108
81785
58719
57784
25154
65078
21045
14927
25177
51673
25082
55569
79277
37504
35851
60711
71383
86407
43745
34771
33903
34748
23785
45781
83028
7984
71456
3148
26911
10960
32672
12897
-2376
-3731
75558
27655
71348
1481
52583
6526
63155
82542
66972
47310
30047
7701
18022
11432
4109
66645
56203
48012
11394
84866
3794
-700
-2272
80127
12448
29516
-4034
55120
52413
3590
61389
32850
36122
37615
44331
-1294
49019
17487
-8751
25992
69675
31297
43694
-7425
47606
57803
69220
13810
10694
-9385
3554
19365
-5208
6160
4371
17240
45676
5214
77237
2968
13681
43505
45818
59803
85997
150
68510
45017
22515
69759
75887
-2932
5934
24459
-357
63540
87139
78864
82228
2711
74356
-9340
32077
79149
6820
41325
1267
62497
56539
83382
75465
80220
36888
26161
50024
27763
31188
28535
77658
63703
3173
63546
70771
19107
-7117
75292
87525
-9977
64157
74631
-2388
43391
75291
39689
32541
-7887
-8985
38686
64610
57554
32069
44953
47775
73834
75991
2677
11598
17180
41213
-743
85761
49263
67680
61410
73247
65440
46703
70773
60341
15738
55405
67953
69130
40698
12520
6549
37688
13535
55235
7176
75966
-2695
62129
28619
76016
42998
41296
-2384
70178
87386
1750
60817
46650
74308
32229
29899
44626
83809
10673
14968
9549
70956
-7078
83556
16532
15442
106
64220
33854
65342
81396
14698
67524
48403
53317
53542
1402
4615
56035
76457
-3121
62662
47276
53530
41848
84382
-6570
-3524
78192
8980
21444
-7381
84813
19244
86175
11346
39563
-3717
85566
78295
66502
76963
2994
38904
30244
66312
-2676
41646
75804
63359
28105
82683
30900
80258
41091
82748
74641
39398
89224
62834
53256
15547
65454
48070
39668
56507
64294
89231
62790
54738
77527
34170
41703
85399
83075
76824
61712
-9600
28472
42394
58637
61454
29955
-462
51713
81047
87163
36355
25323
81266
4067
88579
1691
74398
41528
51359
40907
15823
45468
8575
80561
27874
52746
27142
23274
40699
13968
89863
35976
47317
42258
4614
18772
77090
9029
75362
68138
6194
21718
-1660
-7662
30662
-3080
4029
15062
48448
65388
60846
69148
15734
74298
59711
53608
37045
-8269
81759
82621
15699
81623
28599
73016
28759
38090
-3334
15851
57120
82028
88866
68191
8624
-2793
70529
49287
4128
79435
69226
57453
54824
34950
36603
75435
19249
1192
39045
61172
2923
30805
53794
23500
22430
87270
1394
56066
35362
8061
81917
-2640
-5033
80785
75551
13592
82869
50958
67756
-8125
40394
41860
59329
96
86810
810
85531
16060
12002
29454
82109
19802
70260
40782
53302
-2432
38053
64697
58511
78292
77635
50430
85652
82602
36093
66081
6195
28963
21917
78828
30839
67188
30689
-4954
72161
27500
5856
67694
48438
22735
2026
35425
52537
82286
86207
15841
84731
29139
85415
53244
17432
73051
8552
7963
65654
49522
78921
76727
88485
5717
60433
24202
82905
1124
24125
65068
33501
39981
37640
86816
67593
49666
32243
30132
36831
28451
50850
26440
62467
46266
84561
84777
29318
-2009
2741
-150
57513
86539
81454
50877
2257
51889
85079
-9959
63013
19206
59986
1392
64064
7627
-1790
41659
62170
40453
81791
9002
73781
37519
40320
46250
-6214
34882
35905
27981
42874
48646
32708
10388
40063
24164
66142
47198
80930
61223
42116
48821
85306
12103
60213
59371
24607
63300
5908
-3222
13754
-7423
10658
-7586
40096
60978
43541
43882
738
89446
76740
48489
42970
19450
63755
87910
48491
39898
45109
39422
11122
-2774
-1756
1306
19329
63334
70678
48813
36636
81463
55592
55267
84041
76250
57681
34138
42106
6100
82898
47721
5547
69639
6212
53394
-6033
79967
51306
52458
29866
6416
1881
45866
8520
5002
57172
32726
73214
32728
-8459
19851
24193
57133
85118
18235
38261
47678
57250
85244
63778
50149
42966
74203
29790
59178
37598
33757
44023
-1095
-3783
78767
10199
2975
34634
28719
12855
-3316
71445
-3930
34290
67863
20798
63360
29874
10794
-8404
73012
68472
53723
68257
37129
13874
16102
21333
53664
85280
63808
-7701
34182
67591
-6607
22950
87790
1246
67584
21387
24101
69145
-2290
25048
13436
75574
55846
86796
15449
76640
83269
-1537
49991
46994
76720
-2879
70868
-2300
23331
29410
87858
-7983
31709
32041
69608
29980
64991
62276
41226
37453
-6336
75327
11476
1375
5253
34913
86949
71099
26587
7276
52617
19858
15739
12609
71729
-2662
14607
47475
5038
42815
86885
2897
44833
23472
39815
19319
63452
14807
-8403
14679
57137
-4739
-5116
78614
1513
10137
23528
-1537
-8763
54992
15740
48732
84850
36356
71341
61457
43694
-9173
18933
53610
43642
10696
61384
-6647
44169
11201
22673
12499
30885
24270
37179
-1976
24408
36940
86638
35922
57078
15044
39262
53192
80036
59879
11925
69765
6237
88144
41223
54808
83848
65034
13296
32368
85730
84681
35722
34777
5883
68395
57277
46768
-2457
-666
49669
31951
46274
46308
72750
8230
66229
22014
71423
51144
-8106
88225
30910
8131
81247
77010
67817
69973
52045
-8886
12343
42654
85795
58065
87431
-3444
31338
54709
53325
38881
64043
12995
75709
15196
64181
58461
33426
40411
-9524
9727
-3567
-7630
2831
37343
5379
88955
19232
83196
68930
76154
84310
-8726
28809
80107
54216
26242
81540
-4445
85828
44866
44436
54750
62739
30146
79946
31798
-6515
23373
77086
-6039
37978
83520
-8791
50809
25741
6588
49765
54973
-215
28696
36006
88972
24847
74815
73957
89063
5935
65499
-5381
-3358
15243
43932
61392
87982
78956
51339
24658
82441
79589
11746
81280
22445
5267
82489
83254
41008
-922
37898
860
3740
76594
46866
-2410
6320
26559
81548
5384
37372
51925
4881
44014
77168
58813
15407
70029
42647
71623
4688
29967
56090
21311
21248
88536
36578
13738
76668
82464
17693
24567
-6675
26310
6040
45068
33900
22360
81627
20326
32621
23877
77128
47502
77891
59175
11194
-1824
39205
63841
74676
48770
3809
40768
80082
35057
34182
26661
53672
15728
14003
81365
50296
12205
12553
61213
67273
51331
88450
53779
76534
31072
87656
63664
88575
75549
32840
9770
78602
76922
83611
63280
35693
-7701
8926
20653
37356
47985
52192
-4093
73713
76195
87272
28887
-1598
4704
-5022
75675
66035
-6571
34332
47447
34502
31990
15989
33078
12417
58829
47725
1020
40629
41337
69177
86323
38513
82980
16977
85870
40966
74046
-8222
19558
60243
83927
58445
68645
-6491
58301
49198
64421
61730
88408
21870
6233
30399
47859
44188
47693
11567
1914
53590
62196
48129
32769
53397
-3357
25750
75252
-7486
71594
59299
89168
1153
29543
77974
64475
3066
81483
32777
57142
55906
4509
55551
87776
15619
-9172
40513
69808
43398
62080
81722
6989
34278
39852
44635
-7447
46496
75263
77805
43887
56858
47106
37934
68011
81526
25909
37364
-5406
17393
75019
56613
83299
89528
17042
75953
10025
17870
26468
89833
71268
-6574
76434
83134
32581
26287
37771
35135
77660
23035
22941
31549
89893
74924
74360
62782
66452
10270
5024
65923
37663
-9956
32537
25841
84449
59579
6672
4476
82326
38017
4310
58472
36321
85621
51607
78902
21910
-621
24038
4448
32414
51857
40874
27185
36782
25235
-5155
8112
45505
9870
78912
88046
9914
21450
18765
4365
85906
35437
18841
73110
78332
28028
41583
24654
23651
-1931
13557
50438
7448
42473
64886
44740
-792
10639
76802
40867
45874
81648
58980
1381
1519
47893
-5695
21433
74221
23070
30675
65005
63384
54393
42994
51717
-7577
89454
81248
20951
-2476
-316
81389
9850
52157
51153
59467
61365
71792
46270
12233
22545
32796
76090
28803
39192
28862
33108
65503
7961
61055
6179
82966
34440
70573
35961
-8964
67873
30294
77161
-1175
37818
86845
85091
57668
49003
41122
22013
15246
22916
78284
32357
50338
15958
18448
89141
65151
57310
32250
40655
75271
3306
56834
63116
42623
32285
3955
38536
10159
44249
25699
13861
86945
22545
8953
49491
76426
60076
81505
1673
87869
64667
38907
48208
-9374
67356
42227
65777
29544
84477
16433
9694
-7339
78145
77687
45284
20431
86519
-6178
40591
35647
24398
64452
32593
56943
78283
-7915
38247
43237
83590
44798
35984
58258
-6294
89069
53762
65939
41297
29540
5485
35775
50851
20056
33313
38997
2621
88597
64305
-859
87296
9774
44788
21695
84227
82258
83516
67388
84344
31764
20626
72812
86562
61487
35949
85146
60557
-288
61086
11855
34129
71448
52507
-5019
1505
-4179
38855
9003
89295
13162
13022
81470
27813
67810
13166
22041
60070
1560
-5693
49292
38202
19810
32105
29642
-8702
78054
24789
61855
82643
-4123
78587
26774
77325
41095
26632
83708
41793
70365
2712
41090
-6472
20611
32561
26218
-1577
50604
58260
63370
57042
57444
22663
5245
87255
59645
39764
88553
47701
74554
55287
35222
80431
43875
71996
62634
89848
8630
56343
36519
88995
63933
82486
87400
-5455
25048
23619
-2155
80530
86756
66092
42450
54202
-1244
52572
46335
63279
2337
44889
15858
86891
10177
61080
72200
64053
43078
39713
58779
56585
934
5299
50458
74867
-2213
42736
74290
27712
71232
77012
13120
67990
53106
65570
27070
56739
28143
83405
24896
35358
33172
50754
27127
53350
21836
9329
22281
74914
59042
85937
36377
69976
1237
-3164
49722
3901
44449
28890
41614
25682
10780
59611
-1450
68763
35183
35620
30381
68203
23903
65277
8439
61953
26033
45567
25304
57869
59773
52462
37661
23693
43277
78915
-1453
54514
80628
58269
63293
35078
-7963
14908
70760
7695
84519
79311
86458
24580
19809
26840
-2338
48590
-3004
16101
20544
33029
66545
50725
-4224
36319
13188
43437
70012
66465
32353
78560
25857
17859
41707
-849
62937
38622
18936
43698
56317
8334
27887
47653
42914
52574
84494
45453
11165
-8509
66432
41709
29397
42978
2435
35173
89298
20500
83487
64188
-8157
20718
52749
27700
48577
-665
31729
21515
47957
60665
70090
14275
78999
7979
66805
26792
70553
56177
77122
86595
52545
53555
38305
-8057
6535
45617
37116
711
76117
30604
74899
77960
61322
37650
10538
14777
41862
52267
46292
-180
17811
26384
18972
6811
39240
-4222
38480
14671
61956
25604
11267
24502
89159
59572
21323
572
15190
63316
11283
-3815
3922
-3816
84145
70121
38711
4684
-5100
-9426
61829
46069
-4729
89640
82453
24243
1329
26571
24898
49810
51242
-8268
80291
72509
26235
79451
36959
52435
84901
57026
25752
6185
63211
34551
7246
52234
14674
50834
61796
14451
51408
33626
65397
51556
28144
52729
85799
39473
89300
15576
-5839
45421
17308
84452
22808
48420
68782
69768
10856
63684
31672
46609
74746
-238
-8839
-8006
56873
10712
52828
28670
30040
9115
67173
5439
70671
5318
68168
61349
49669
67469
86925
53830
17768
14234
43161
50577
72655
21944
25223
-6488
-4371
61772
50121
80375
71534
46160
77246
38409
66872
40076
71956
6914
54068
49131
22353
34740
59326
-4601
6090
18996
67745
3016
77704
-4485
22128
30866
56092
4784
62810
-8684
3173
63316
63088
58172
48569
39501
14333
35817
82787
86082
80770
64744
2997
44839
23876
30227
89579
88080
35626
548
17077
13373
8441
4782
13765
40569
40525
79857
50230
13336
76050
58281
81529
44016
26454
40100
88394
45664
85917
81182
41747
71565
55928
49622
26405
84681
84726
20862
82762
25231
26287
9841
43481
44729
19500
67246
-4701
70026
57104
50407
88239
38032
18689
79770
86925
55143
29871
85321
5685
20666
76504
52309
2232
42433
6809
33514
37116
1537
59253
29879
36768
-4458
44597
85126
50271
68975
62373
50447
49002
24355
10855
42119
72387
34421
31890
69313
-5558
71761
64635
10127
-2695
46018
67314
4414
-1548
84123
47928
40445
-4339
17183
75202
37306
17602
24677
32433
77873
3653
-316
33198
57532
34039
48931
9653
11304
-6647
51543
-9381
-2204
28183
60131
12800
35488
11027
-9885
49903
14357
84239
2709
64802
84777
24769
44882
26962
52371
79560
64272
35122
-6786
73957
78321
60747
12874
37253
80400
34179
35483
36821
29675
38156
75004
-5316
60957
15371
15712
55949
70151
40069
45066
82860
9749
39845
17631
64632
71684
74879
49070
45957
20003
47161
24792
3202
17909
47667
45332
3187
-8153
-9184
44886
26399
38973
29891
31083
4808
55262
56795
65634
35414
1742
20702
23153
16369
65424
45661
-8998
47109
30541
44949
-2056
55421
2111
32737
68623
24898
-9595
23956
32962
87128
19650
87848
23528
63500
27741
59488
73185
87880
21162
48820
28173
32904
74399
61326
59273
49824
11865
55152
1811
52406
10102
4633
17829
17091
47370
-8670
51989
42652
20164
89828
34658
49814
87678
63063
23315
20297
32552
1378
18178
63714
60198
51228
6620
44599
17432
70770
-699
39297
30801
5990
1705
50903
20623
24411
72871
72870
20618
29738
25523
50782
29568
65058
5474
27247
38122
33666
57544
80674
45044
80599
54390
15244
36706
65887
64720
64138
41535
68898
13437
82336
79765
25142
38118
10389
54430
20990
88136
85048
60729
23660
40709
298
-6404
56183
32422
41718
-149
-5156
32394
49772
80320
-8338
75016
27027
67549
44614
1167
19085
18391
24604
6300
8157
54623
54418
28547
13931
85408
21561
3857
51015
55222
54566
56190
53695
15628
-1387
5415
20356
-1666
47809
80128
88655
49471
60023
20560
21898
9515
31727
45860
37906
61208
62160
56064
20709
26579
89488
44640
16866
21050
58498
77881
81149
17942
44073
44846
43570
47563
60261
73926
55898
12948
58933
49431
67296
28957
79991
-5928
48472
16597
49932
-3620
87805
16971
57321
18516
